camera_pose:
  x: 0.49653839112281695
  y: -0.01271748641729592
  z: 0.87845643891731051
  roll: -3.0176978541682704
  pitch: 1.4363413939284508
  yaw: -3.0512238530328983
