camera_pose:
  x: 0.54141916015015623
  y: -0.0063438029409666058
  z: 1.1115875427363286
  roll: -3.0526896038448021
  pitch: 1.3851794033740534
  yaw: -3.0798138909415886